HEADER FPROP DATA,8729,SI,0.0
C
C MOST COMPLETE AIR (NEAR 1 ATM.)
C
	RGAS	= 8314.34/28.96
AT,V,   90.0,6.35E-6,	100.0,7.06E-6,	110.0,7.75E-6,	120.0,8.43E-6,
	130.0,9.09E-6,	140.0,9.74E-6,	160.0,11.0E-6,	200.0,13.4E-6,	
	220.0,14.5E-6,	320.0,19.5E-6,	340.0,20.4E-6,	380.0,22.1E-6,	
	400.0,22.9E-6,	500.0,26.8E-6,	600.0,30.3E-6
AT,K,	90.0,8.3E-3,	100.0,9.2E-3,	110.0,10.2E-3,	150.0,13.8E-3,
	160.0,14.6E-3,	180.0,16.4E-3,	200.0,18.1E-3,	220.0,19.8E-3,	
 	240.0,21.5E-3,	300.0,26.1E-3,	400.0,33.1E-3,	500.0,39.5E-3,	
	600.0,45.6E-3
AT,CP,	90.0,1.002E3,	200.0,1.002E3,	280.0,1.004E3,	340.0,1.007E3
	400.0,1.013E3,	500.0,1.029E3,	600.0,1.051E3
C
C------------------------------
