HEADER FPROP DATA,9702,SI,0.0
C
C COMPLETE PARA H2  LIQUID
C
AT,V,	14.0,24.8E-6,	16.0,19.42E-6,	18.0,15.93E-6,	20.0,13.48E-6,	
	22.0,11.61E-6,	24.0,10.1E-6,	26.0,8.8E-6,	28.0,7.62E-6,	
	30.0,6.46E-6,	32.0,5.13E-6,	32.98,3.54E-6
AT,K,	14.0,0.07462,	16.0,0.08886,	18.0,0.09543,	20.0,0.0984
	22.0,0.10095,	24.0,0.10084,	26.0,0.09843,	28.0,0.09378
	30.0,0.08657,	32.98,0.09146
AT,CP,	14.0,6.47E3,	16.0,7.36E3,	18.0,8.42E3,	20.0,9.45E3
	22.0,10.82E3,	24.0,12.52E3,	26.0,14.8E3,	28.0,18.48E3
	30.0,26.59E3,	32.0,65.37E3
AT,D,	13.80,77.04,	17.0,74.19,	20.28,70.80,	23.0,67.41
	25.0,64.47,	27.0,60.97,	29.0,56.59,	31.0,50.46
	32.0,45.70,	32.938,31.36
C------------------------------
