HEADER FPROP DATA, 9718, ENG, -460.
C
C MOST COMPLETE LIQUID WATER
C
AT, V,  32., 4.28 ,  40., 3.69 ,  50., 3.12 ,  60., 2.68
        70., 2.32 ,  80., 2.03 ,  90., 1.79 , 100., 1.60
       120., 1.30 , 140., 1.093, 160.,  .938, 180.,  .813
       200.,  .717, 220.,  .638, 240.,  .574, 260.,  .521
       280.,  .476, 300.,  .439, 320.,  .406, 340.,  .379
       360.,  .355, 400.,  .315, 500.,  .251, 600.,  .200
       700.,  .121, 706.,  .101
C
AT, K,  32.,  .329,  50.,  .339,  70.,  .350,  90.,  .359
       120.,  .371, 180.,  .388, 220.,  .395, 260.,  .398
       280.,  .398, 320.,  .396, 360.,  .391, 400.,  .383
       500.,  .349, 600.,  .296, 700.,  .188, 706.,  .139
C
AT,CP,  32., 1.007,  50., 1.001,  90.,  .998, 120.,  .998
       160., 1.001, 180., 1.003, 220., 1.009, 240., 1.013
       260., 1.017, 280., 1.022, 300., 1.029, 320., 1.040
       360., 1.066, 400., 1.085, 500., 1.180, 600., 1.528
C
AT, D,  33., 1./0.01602 ,  50., 1./0.01602
        60., 1./0.01603 ,  80., 1./0.01607
       120., 1./0.01620 , 170., 1./0.01645
       190., 1./0.01657 , 212., 1./0.01671
       220., 1./0.016772, 240., 1./0.016922
       260., 1./0.017084, 280., 1./0.017259
       300., 1./0.017448, 340., 1./0.017872
       380., 1./0.018363, 420., 1./0.018936
       460., 1./0.019614, 500., 1./0.02043
C
C
